Test Model,System,Round,Score Document,Score Reference,Score Reference Document
llama4_scout,man,first,26,34,47
llama4_scout,man,second,74,78,56
llama4_scout,man,third,59,46,22
