Test Model,System,Round,Score Document,Score Reference,Score Reference Document
llama-3.1-70b-instruct,gear,first,52,24,53
llama-3.1-70b-instruct,gear,second,44,100,88
llama-3.1-70b-instruct,gear,third,51,16,100
