Test Model,System,Round,Score Document,Score Reference,Score Reference Document
qwen3-235b-a22b,sedan,first,55,23,16
qwen3-235b-a22b,sedan,second,43,38,64
qwen3-235b-a22b,sedan,third,80,64,46
