Model,System,Round,Score Document,Score Reference,Score Ref+Doc
llama4_scout,rigid_highway,first,0.0,25.0,25.0
llama4_scout,rigid_highway,second,39.0,69.0,62.0
llama4_scout,rigid_highway,third,14.0,67.0,57.0
