Test Model,System,Round,Score Document,Score Reference,Score Reference Document
llama3.3-70b-sft1,gator,first,58,18,52
llama3.3-70b-sft1,gator,second,80,67,59
llama3.3-70b-sft1,gator,third,61,80,87
