Model,System,Judge,Round,Score Document,Score Reference,Score Ref+Doc
codestral-22b-instruct-v0.1,m113,gpt-4o-mini,first,27.0,15.0,15.0
codestral-22b-instruct-v0.1,m113,gpt-4o-mini,second,49.0,44.0,42.0
codestral-22b-instruct-v0.1,m113,gpt-4o-mini,third,12.0,58.0,47.0
