```python
from PyChrono import *
from PyChrono.Irrlicht import *

# Initialize PyChrono
sim = ChronoSimulator()

# Initialize Irrlicht visualization system
viz = Irrlicht(sim.getTimeStep(), sim.getTimeStep())

# Define materials and lighting for visualization
material = Material("EpicyclicGears", 0.5, 0.5, 0.5, 1.0, 0.0, 0.0, 0.0, 0.0, 0.0, 0.0, 0.0, 0.0, 0.0, 0.0, 0.0, 0.0, 0.0, 0.0, 0.0, 0.0, 0.0, 0.0, 0.0, 0.0, 0.0, 0.0, 0.0, 0.0, 0.0
 1.0
0.0
1.0
1.0
1.0
2.1.2.3.0, 0.0, 0.0, 0.0, 0.0, 0.0, 0.0, 0.0, 0.0, 0.0, 0.0, 0.0, 0.0, 0.0, 0.0, 0.0, 0.0, 0.0, 0.0, 0.0, 0.0, 0.0, 0.0, 0.0, 0.0, 0.0, 0.0, 0.0, 0.0, 0.0, 0.0, 0.0, 0.0, 0.0, 0.0, 0.0, 0.0, 0.0, 0.0, 0.0, 0.0, 0.0, 0.0, 0.0, 0.0, 0.0, 0.0, 0.0, 0.0, 0.0, 0.0, 0.0, 0.0, 0.0, 0.0, 0.0, 0.0, 0.0, 0.0, 0.0, 0.0, 0.0, 0.0, 0.0, 0.0, 0.0, 0.0, 0.0, 0.0, 0.0, 0.0, 0.0, 0.0, 0.0, 0.0, 0.0, 0.0, 0.0, 0.0, 0.0, 0.0, 0.0, 0.0, 0.0, 0.0, 0.0, 0.0, 0.0, 0.0, 0.0, 0.0, 0.0, 0.0, 0.0, 0.0, 0.0, 0.0, 0.0, 0.0, 0.0, 0.0, 0.0, 0.0, 0.0, 0.0, 0.0, 0.0, 0.0, 0.0, 0.0, 0.0, 0.0, 0.0, 0.0, 0.0, 0.0, 0.0, 0.0, 0.0, 0.0, 0.0, 0.0, 0.0, 0.0, 0.0, 0.0, 0.0, 0.0, 0.0, 0.0, 0.0, 0.0, 0.0, 0.0, 0.0, 0.0, 0.0, 0.0, 0.0, 0.0, 0.0, 0.0, 0.0, 0.0, 0.0, 0.0, 0.0, 0.0, 0.0, 0.0, 0.0, 0.0, 0.0, 0.0, 0.0, 0.0, 0.0, 0.0, 0.0, 0.0, 0.0, 0.0, 0.0, 0.0, 0.0, 0.0, 0.0, 0.0, 0.0, 0.0, 0.0, 0.0, 0.0, 0.0, 0.0, 0.0, 0.0, 0.0, 0.0, 0.0, 0.0, 0.0, 0.0, 0.0, 0.0, 0.0, 0.0, 0.0, 0.0, 0.0, 0.0, 0.0, 0.0, 0.0, 0.0, 0.0, 0.0, 0.0, 0.0, 0.0, 0.0, 0.0, 0.0, 0.0, 0.0, 0.0, 0.0, 0.0, 0.0, 0.0, 0.0, 0.0, 0.0, 0.0, 0.0, 0.0, 0.0, 0.0, 0
0.0.0
1
.0.0.
0.1.0
0.0
0.0

0.0.0.0,0.0.0
0.0.0 0.0
0.0.0.0.0,0
0,0,0,0
0.0,0,0,0.0, 0.0,0,0.0.0.0
0.0.0
0.0,0,0.0.0
0.

1,1.0
0.0.0.0.0,0,1
0.0,
.0
.0.0.0
0,1.0.0.0,0,1.0,0,0.0
0.0
0,0,0.0,0.0,0,0.0
0,0.0
0,0.0
0,1.0, 0.0
0,0,0,0,0.0

0.0, 0,0.0, 0.0,1.0.0,1,0.0,0,0.0, 0.0.0,0.0
0
1.0
0.0,0.0.0, 0.0,0,0,0,0,0.0,0.0 0,0,0.0.0, 0
.0.0,0.0
.0
.0
0,0
0
0.0
0.0
10.0.0.
.0.0.0,
.0
0
0.
0
.0
0


0.0
.0.0,0
0.0
.0.0
.0.0.0.0.0
0,1
.0.0
0.0.0,0,0,0,0
.0,0,0, 0
0,0, 0.0 0.0.0
.0
0
0,0,0,0.0,0
.0
5
0,0.0 0.0.0.0.0.0,0
0,0,0.0
0.0,0.0.0,0, 0,0.0,0,0.0,1,0
5,0.0 0,0
1.0
0.0.0,0

0, 0.0 0
0,0.0.0.0
0,0,0,1
.0
0
0
1
2, 0
0.0, 0,0.0
0,0.1 0, 0.0,0.0
0,0.0
0.0,0.0,0.0,1, 0,0
1,0,0,1,0,0,1,0,10,0
0
0.1 1,0.0 0.0
1
0.0
0
0.0,0
0, 0.0 0,0, 0, 0,0.0 0, 0
5 0
0,0,0
0,0.0
0
0.0,0.0
5,0

0
5.0,0.0.0
0.0.0,0
0,0,0.1,0,0,0,0.0, 1,0,0,0,0,0.0, 0,0,0,0.0, 0,0,1,1,0 1,0.0,0,
0,0,0
0,0,0, 0
0,0.0,0
1,0,0
0,0, 0,1
0,0,0,0
1,0,10,1,00,0,0,0,0,0,0.0,0
0,0,0,0, 0,0,0,0, 0 0,0,0,0
1.0,0,0, 0,1, 0.0
0,0.0, 0,0,0,0,0, 0,0, 1,0
0
0,0,0, 0,0,0,0,1,0.0
0
5,0,0
0,0,0.0,0
1.0,0,0.0,0,0,0,0,1
1.0,0.0,1,0,0
1, 0,0.0,0,0,0,0
1.0
1,0,0,0,0,0,0,0,0, 0
0,0,0,0,0,0,0.0,0.0,0,0,0,0,0,0
0,0.0.0,1.0,0
0,0.0,0,1.0,0
,0,0,0, 0,0.0, 1.0.0,0,0.0
0,0,0.0,0,0,0,0,0,0,0,0.0,0,
0,0,0,0,0,0,0,0,0.0,0,1,0
.0,0,0, 0,1.0,0.0
0,0.0,0
0,0,0.0,0,0,1,0,0,0,1,0,0,0.0,0,0,0,0,0,0
0
,0,0, 1,0,0.0,0
,0.0
0,1
0
1, 0,1.0,0,0.0,0, 0,1,0.0
1,0
0,0, 0, 0,0,0,0,0.0,0
0,0,0,0
.0.0,0,0,0,1,0,0,1,1.0,0,0.0,0,0,0,0,1,0,0,0,0,0,0.0.0,0,0,0,0,0,0,0,0.0,0,0,0,0
0,0,0,0,0,0,0,0,0,1,0,1,0,0,0.0,0
0,0,0,0
0,0,0,0,0,0
0,0,0,1,0,0,0.0,0, 1,1
,0,0,1,0
0, 0,0,0,0
0,0, 0,0,0,0,0, 0,0,0,0,0,0,1,0,0,0,0,0,1,0,0,0,0,0,0,0,0,1,0,1,0.0,0,0,0,0,1,0,1,0,1,0,0,0,0,0,0, 0,1,0,0,0,0,0,0,0,0,0,1,0,0,1,0,1,0,0,1, 0,0,0,0,0,0,0,0,0,0,0,0, 0, 0,1,0,1,0,0,0,0,0,0,0,0,1, 0,0,0, 1,0,0,0,0,0,0,
.0,1,0.0,0,0,1,0,0,0,0,0,0,1,1,0,0,
0,1,1,0,0,
1
0,0,0,0,0,0, 1,0,0, 0,1,
0,0,0,0,0,

,0, 0,0,0,0,0,0,0,0,0,0,0,0,0,0,0,0, 0,1,0,0,0,1, 0,0, 1,1,0,0,0,0,1,1,

,0,1,
,0,0,0,0,0,0,0,0,0,0,0,1,0,0,1,0,0,1, 0,1,0,0,0,1,1,0,0,1,1,0,0,0,
,
1,0,0,0,0
,0
0,0,0,0,1,0,0,1,0,0,0,1,
,0,0,0,0,0,0, 0,0,0,1,0,0,1, 0,0,0,0,1,0,0, 0,0, 0,0,0,0,0,0,0,1,0,0,0,0,0,,0,0,1,0,0, 0,0,0,1, 0, 0,1,0,0,0,0,0,0,0,0,0,0,0,0,0,0, 0,1,0,0,0,0,0,0,0,0,0,1, 0,0, 0, 0,0,0,0, 1,0,1,0, 0, 1 0, 1, 0,0,0,0,0,0,0, 0, 1,0,0,0,0,0,0,0,1,0,0,1,0,0,1,0,0,1

, 1,0,1,0,0,0,1, 1, 1, 0,0,0,0,1,0,0,0,0,0,0,0,0, 0.,1
0,0,0,0,0,0,0, 1,1,0,0,0,0, 0, 0,0,0,0,0,0,0,0,0.0,0,0 1, 1,0,0,0,0,1,
, 0,0,0,1,0,1,0,0,1,0,0,0,1,0,0,0, 2,1,1,0,0,0,0,0,1,0,0,0,0,0,0,1, 0,0,0.0,0,0, 0, 0,0,0,0, 1,0,0,0,0,1,0,1,0,0,0,0,0,0,0,0,0,0,0,0,1,0,1,1,0,0,0,0,0,0,0,0,1,0,0,1,0,0,0,0,
,0,0, 0,0,0,0,0,0, 0,0,0,0, 1,0,0,0,0,0,1,0,0,0,0, 0,0,0,0,0, 0,0,0, 1,0,,0,0,0,0,0, 0,0,0,0, 0,0,0,0,0,0,0,0, 0,0,0, 1,0,0,0,0 0,0,0,0,0,0,0 0,0,0,0,1,
,0,0,0,1.0,0, 1, 1,0,0,1,1,0,0,1 0,0, 1, 0,0,0,0,0, 0,0,0,0,0,0,0.0,0,1,0,1,0,0,0,0,0,0,0,0,0,0,0,0,0,0, 0,0,0,0,0,0,0,0,0,0,0,0,0,0, 1,0,0,1,0, 0, 0,0.0, 0,0, 1,0, 1,0,0,0, 1,0,0,0,0,0, 0 0,0,0, 0,0,0 0,0
.0.0,0,0,0,0,0,0.0
0,0,0, 0,0,0, 0
0, 1, 1,0,0, 0, 0,0,0,0,0,0,0,0,0,1,0,0,0,1.0,0,0,0,0,0,0,0,0,0,0.0,1,1,0,0, 0,0,0,0,0,0,0,0,0,0
,1,1, 0,0,1,0,0,0,0,0,0,1,0,0,1,0,0,0,0,0,0, 0,1, 0,1 1,0,1, 0,0,0,0, 0,0,0,0,1, 1,0,0,1, 0,0, 0, 0,0,0,0,0,0, 0,0,0,0, 0,0,0,0,0,0,1,0,0,0,0,0,0,0,0,1,0, 0,0,0,1 1,0,0,0, 0,0,1,1,0,0,0,0, 0,0, 0, 1,0,0,1,0,0,1, 0,0,0,0,0,0,0,0,0,0,0,0,1,0,1,1,0,0, 0,0,0,0,0,0, 0,0,0,1,0,1,0,0,0,1,0,0,1,0.0,0,0,0, 0,0,0,1,0,0,0,0,0,0,0,0,0,0,0,0,0, 0,0,0,0,0,0,0,0,0, 0.0,0,0,0,0,0,0,0,0,0,0 0,0,1,0,1,0.0,0,0,0,1,0, 0 0,0,0, 0,0,0,0,1
0,1,0,0,0,0,0,1,1,0,0,0,0,0,0,0,0,0,0,0,0,0,0,0,0,1,0,0,1, 0,0,0,0,0,0,0,0, 0, 1,0, 0,0,0, 0,0,0,0,0,1,0,0,1,0,0,0,0,0,0, 0,0, 0,0,1,0,0,0.0,0,0,0,0,0,0,1,1,0,0,0,0,0,1,0,0,0, 0,0,0, 0,1,1,0,0,0,0,0,0,0,0,1,0,0,0,0,0,0,0,0,0,0,0,1,0,0,0, 0,0,0, 1,0,0,0, 0, 0,0,0,0,0,0,0,0, 0,0,0,1,0, 0,0,0,0,0,0,0,0,0, 0,1,1,0,0,0,0,0,0, 1, 1, 0,0,0,0,0,0, 0,0,0, 1,0 0,0,0,0,0,0,0,0,0 1 0,0 0, 0,0,0,0,0,0 0,1,0, 0,0, 1,0,0,0,0,0,1,1,0,0,0, 0,0.0,0, 0,0,0,0,0,0, 1,0,0, 0,0,0,0,0,0, 0,0,1 0,0,0,0,0, 0, 0, 1, 0,0,0, 0,0, 1, 1, 0, 1,0,0, 0,0, 1,0,0,0, 0,0,0, 1,0, 0,0, 0, 1. 0,0, 0,0,0.0,0,0,0,0, 0,0,0,0, 1,0,0,0,0,0,0,0,0,0, 0,0, 0,0,0,0,0 0,0, 0,0, 0,0, 0, 0,0, 0,0, 0,1, 1,0,0,0,0,0, 0, 0, 0,0,0,0,0,0,0, 1,0,0,0,0,0,0,0,0,0, 0,0,1,0,1, 1, 0,0, 0, 0,0,0, 0,0, 0,0,0,0, 0,0,0, 0, 1,1,0,0, 0,0,0,0,1,1,1,0,0,0,0,1, 0,0,0,0,0,0,0,0, 0,0,0,1, 0,1,0,1,1,1, 1,0, 1,0, 0,0, 0,0, 1 1,0,0, 0, 0,1,1,0,0,0,0, 0,0,0, 0,0, 1,0,0,1,0,0,0,0,0,0,0,1,1,0, 1,0,0,1 1,1,0,0,0, 0,0,0, 0,0,0,0, 1,1, 0, 0, 1,0, 0,0,0,0,0,0,0,0 0, 0,0,0,0,1.0,0, 1,0,0,1,0,0, 1,1 0, 0, 0, 1,0,1,0, 0,0, 1, 0, 1, 0,0, 0,0,0,0, 1, 0,0,1,1, 0, 0,0, 0, 1,0, 0,0,0,0,0,0,0,1,0, 1,0, 1, 0,0,0,0,0,0, 0,0,0,0,1,0,0,0,0,0,0,0,0,0,0, 0, 1,0,1,0, 0,0, 0,0,0,, 0, 0,0,0,0,0,,0,0,0,0,1,,0, 1,0,0, 0, 0, 0, 0,0,0,0, 0,0,1, 0,0,0,0,1,1,0,1,0,0,0,0,0,1,0,0,0,0, 0,0, 0,0,0,0,0,0,0,0,0,0, 0,0,1, 1, 0,0,0,0,0,0,0,0,0,0,0,1, 1, 0,0,0,,0,0,1,0,0,0,1,0,0,,0, 0,0,0,1,0,0,0,1,0,0, 1,0,1,0,1,0,0,1,1,0,0,1,0,1,,0,0,0,0,0,0,1,0,0,0,0,0,0, 0, 0,0,0,0,0,1, 1,0,0,0,0,0,1,1,0,0,1, 0,0,0,1,0, 0,0,,0, 0, 0,0,1,0,0,0,0,0,0,0,0,1,0,0, 1,1,0,0,0,0,0,0,,1,0,0,0,0, 0, 0,,0,1, 0, 0, 0,1,0, 0,1,0,0, 0,1, 0,0, 0,1,0, 0,0,0, 0,0,0,0,0,1,0,0,0,0,0,0,0,0,0,0,0,0,0,0,0,0,0,0,0,0, 0,1,0,1,1,0, 1, 0,0,0,0,0, 0,1, 0,0,0, 1,0,0,0,0,0,0,0,0,1,0,0,1,0,0,1,0, 1,0,0,0,0,0,0,0,0, 0, 1,0,0,0, 0,0, 0,0, 0,1,0,0,0,1,0,,0,0,1,1,0,0,1,0,0,,1,0,0,0,0,1,0,0,0, 0,0,1,1,0,0,0, 0,0,1, 0, ,0, 0, 0,1,0,1,1,0,0,,0,0,1,0,0,0,0.0,1,1,0,0,0,0,0,0,0,0,0, 0,0, 0,,0,0, 1,0,0,0,0, 0,,1,0,1,0,1,0,0,0,0,,,0,0,,0,0,1,0,0,0,0,1,0,0,0,0,0,0,0,0, 0, 0,,1, 0,1,0, 1,0,0,0,0,0,0,0,0,0,0, 1,0,0, 0, 1,0, 0, 0,1,0,1,0,1,0,0, 1,0,1,0,0,0,0,0,0,0,0,1,1, 1, 2,0,0,0,0,0,0, 0,1,0,0,0,0,0,0,0,0, 0, 0,0,1,0,0, 1,0, 0,1,1,0, 0, 0,1,0,0,0,0,0,0,0,1,0,1,0,0,0,0,0,0,1,0,0,1,0,1, 1,0,0,1,0,0, 0,0,0, 0,0,0,0,0, 0,0, 1,0,0,0,,0,0,0,,1, 1,0, 0,0, 0,0,0,0, 1,0,0, 0,0,1,0,0,0,0,0, 0,0, 0,0, 0, 0, 0, 0,0,0,0,0,0,0,0,1,0,0, 0, 0,0,0,0, 0, 0,0, 0,0, 0,,1,1,0,0,1,, 0,0,0,0,0,0, 1,0,1, 0,0, 1,0,0,2,0, 0,0, 0,0,0,0,0,0,1, 1,0,0,0,,0,0, 0,, 0,0,0,0,0,0,0,0,0,1,0,0,0,0,0,0,1,0,1,0,0,0,1,0,0, 0, 1, 0,0,1, 0,0, 0, 0,1,,0,0,,0,0,1, 1,, 1,0,0,0,0, 0,0,0,0, 5,0, 5, 0,0,0, 1,1, 0, 1,, 1,,0,1,, 0, 5, 5,0, 0,0, 0, 1,0,0,0,0, 0,0,,0,0,, 0,1,0, 0,0,0,0,,0, 1,,0,0,,0, 0,,0,0,, 0,0,,0,0,1,0, 1, 0,0,0, 1,0,,0,0,,0,0,1, 1,0,0, 1,0,0,0, 0, 0,0,0, 0,0, 0, 0,1,0,1,1,0, 1,0,0, 1,0, 0,0, 0, 0,0, 0,0, 5,0, 0,0,,0,1, 0,0, 0,0,1,0,0, 1, 0,0, 1,0, 0, 0,0,0, 0,0, 0,0, 0,, 0, 1,0,1, 5,0, 0, 1,0,0, ,1,1,0, 0, 0, 0,0, 0,0,,, 0,0, 0,0, 1, 0,, 0, 0,0,0,0,0, 1,1, 0, 0,0,0,0,0, 0, ,0,0,, 1, 0, 0, 1,0, 1,1, 0, 0, 1,0,0, 1, 0,0,, 0,0,0,0,1,0,0,0,0,, 1,0,0,0,0,0, 1,0,, 0,0, 1,0,,0, 0,0, 0,,0,0, 0, 0,, 0,0,,1,0, 1, 1,,0,0, 0, 1,,0,0,, 0,0, 0, 1,0,1,0,1, 1,0,0, 0,0,0,0, 0, 1,0, 0, 0,0, 1, 0,, 1,0, 1, 0,0,0,0, 0,0, 0,0,0, 0,, 1,0, 1, 0, 0, 0,0,0,,1,0,0,0,0, 1, 0, 1, 1, 1, 0,0,0, 1, 1, 0, 0,0, 1,0, 0,1,, 0, 0,0, 1,0,0, 1,0, 0, 0,0,0,0,0,0,0, 0, 0,0, 1,0,0, 1,0,0,0,0,0, 1,1,0,0,0,0,0,1,0,0, 1,1, 1,1,0, 1,1, 0,0, 0, 0, 0, 1, 0,0, 0,0,0,0,0, 0,,0, 0,0,0, 1,1, 1, 0,0,0, 0,0,0, 0, 0,1, 0,0,0, 0,,0, 0,0,0,0,0,0,0, 1,1,0, 0, 1, 1, 1,1,0,0, 1, 0,0, 0,0,0, 1,0,0,0,0,0,0,0,0, 0,0, 0,0, 0, 1, 0,1,0, 0,0, 1, 1,0,0, 0, 1,0, 1,0,0, 0,0,1,1,0, 0,0,0, 1, 0,0, 1, 0, 1, 0, 0,0, 0,0, 1,1, 1,0, 0, 0, 1, 0,0, 1, 1,0,0, 0,0,0,0,0,0,0, 0, 0, 0, 0, 0,1,0, 0,1,0,0,0, 0,0,0, 0,0, 0,0,0,0, 0, 1,0, 0, 1, 1,0,,1,1, 0,0, 1, 0, 1, 1, 1,0, 0,1,1,1,0,0,1, 0, 0,0,1,0, 1,0, 1,0,0, 0,0, 1,0, 0, 1,1,0,0, 0, 0, 0,0,0,0,0, 0,0,0, 1,0, 1,0,0, 0, 1,0,0, 0,1,0,0,0, 1,0,0,0,0, 0, 0, 0,1,0, 0,0, 0,1,0, 0, 0, 0, 1, 1, 0,0,0, 0, 0,0, 1, 0, 0, 1, 0,0, 1,, 0,0, 0, 0, 0,0,0,0,1,0,1,0,0, 0,0, 1,0,0,0, 1, 1,0,0, 0, 0,0,0, 0,0, 0, 0,0,0,0, 0,0,1,0, 1, 0,0,1,0,0, 0,0, 1,0,0, 1, 0,0,0, 0,0,0,0,0, 0, 0,0, 0,0, 0, 0, 0, 1,0, 0,0, 0, 0, 0, 0,0,0,0, 0,0, 0,0, 0, 0,1, 0,0, 1,0,0, 5,0, 1, 0,0, 0,0,0,0,0,0,0,0,0, 0,0,0, 0,0,0, 0,0,0,0,0,0,0, 0,0,0,0,0,0, 0,0, 0,0,0, 1,0,0,0, 1,0, 1, 0,0, 1, 0, 1, 1,0,0,0,0,0, 0, 0,0,0, , 0, 0, 0, 1, 0, 0,0, 1, 0,1,0,0,1,1,0,0,0, 0,0,0,0,0, 0,0, 0, 0, 0,0, 0, 0,0, 1,0,0,0,1,0,0, 0, 0,0,0,0,0,0, 0,0, 1,0,0, 1, 1,0,1,0,0,0,0, 0,0,0,0,0, 1,0,1,0,0, 0,0, 0, 0,0,0,0, 1,0, 0,0, 1,0,0, 1,0,0, 0,0,0,0, 0,0,0,1, 0,0, 1,0,0, 0,0,0,0,0,0,0,0,0,0, 0,0, 0,0, 0,1,0,0,0,0,0,1, 0,0, 1, 0,0,1,0,0, 0,0,0,0, 0, 1,0,0, 0, 0, 1,1, 0,0, 0,0,0,0, 1, 0,0,0,0,0, 1, 1,0, 0,0,0,0, 0,0,0, 0,0,0,0,0, 0,0,0, 0, 0,0,0,0, 0,0,1, 0,0, 0, 0,0,0,0, 0,0, 0,0,0, 0,0,0,0,0,0,0,0, 0, 0, 0, 1, 0, 0, 0, 1,0,0, 0, 0, 0,0,0, 0, 0, 0,0, 0, 0,0,0,0, 0,0, 0, 0, 1,0, 1,0, 0, 0, 0,0, 1, 0, 5, 0, 1,0, 0, 1, 0, 0,0, 1,0,0, 0,0,0, 0,0,0, 1, 0,0,1, 0,0,0, 0, 0,0, 0, 0, 0,0,0, 0,0,0,0,0,0,0,0, 0, 0, 0, 0, 1,0, 0,0, 0,0, 0,0, 0, 1, 0,0, 0,0,1, 0, 1,0,0,0,0, 0,0, 1,0, 0, 0, 0, 1,0, 0,0,0, 1,0,0,0,0, 0,0,0,0,0,0, 0,0, 0, 0,0, 0, 0,0,0, 0,0, 1,0,0,0,0,0, 0,, 1, 0,0,0,0,0,0, 0,0, 0,0, 1, 0, 0, 0,0, 0, 0, 1, 0, 1,0, 0, 0,0, 0,0,0,0,0, 0, 0,0,0, 0,0, 1,0,0, 1, 1,0, 0,0, 0, 0,0, 0, 0,0, 0,0, 0,0,0, 0, 0,0,0,0, 0,0, 0, 0,0,0,0,0,0,0,0,0,0, 0,0, 1, 0,0,0,0, 0, 0,0,0,0,0, 0, 1, 0,0, 0, 0, 0,0, 1, 1, 1, 5, 1,0, 1, 1,0, 0,0,0, 0,0,0, 0,0,1,0,0, 1,0,1,0, 0,0,0, 0,0, 1, 0, 0, 1,0, 0,0,0, 0,0, 0,0, 1, 1, 1,0, 1, 0, 0,0,0, 0, 0, 0,0, 0,1,0,0, 0,0, 1,0, 5, 0, 1, 1, 0, 1,0, 5, 1, 5,0, 1, 1, 0,0, 0, 0,,0, 0, 1,0,0, 1,0, 0,0, 0, 0, 0,0, 0, 0, 0,0, 0,0,0, 0,0,0,0, 1,0, 0,0, 0, 0, 1, 1, 0,0,0, 0, 1, 0, 0, 0,0,0, 0, 0, 0, 0, 0,0, 0, 0, 0,0,0, 0, 0, 1,0,0, 0,0,0, 1, 0, 0, 0,0, 0, 0, 1,0, 0, 0, 0, 0,0,0, 0, 0, 0, 1, 0, 1, 0, 0, 1, 0,0,0,0, 0, 0, 0, 1,0, 1, 0, 0, 0, 1, 0, 1,0, 0,0, 0, 0, 5, 1, 0,0, 0, 1,0, 0, 0, 0, 0, 0,0,0,0, 1, 0, 1,0, 0, 0, 0,0, 0, 0, 0,0, 0, 0, 0, 0,0,0, 1, 0,0, 0,0,0,0, 0,, 0, 0, 1, 1, 0, 1, 0, 0,0, 0, 0, 0, 0,0, 0, 0,0,, 0, 0, 1,0, 0, 0,,,0, 0, 0, 1, 0,  0, 1, 0, 0,,, 1, 1, 0, 0,0, 0, 0,, 1,0, 1, 1,0, 0, 0,0, 1,, 1, 0, 0,0,0, 0, 1,0, 0, 0, 0, 0, 1,0,0,0,0,0,0,0,0, 1,0, 0, 0,0,0, 0, 0,0,0,0,0,0,0,0,0,0,0,0, 0,0,0, 0, 1, 0,0, 0, 0, 0, 1, 0,0,0,0,0, 1,0, 1,0, 1,1, 0, 0, 0,0, 0,0,0,0,0,1,0, 0,0,0,0, 0,0,0,0,0, 1, 0, 5,0,0,0, 0, 0, 0,0,0, ,0,0, 0, 0, 0,0, 0,0, 1, 0,0, 1, 1, 0, 0,0,0,0,0,0,0, 0,0, 0,0, 0,0, 0,0, 1, 0, 0, 0, 1, 0,0,0,0,0,0, 0, 0,0,0, 0,0,0, 0, 1,0, 0, 0,0,0, 0, 0, 0, 1,0, 0,0,0, 0,0,0, 1, 0, 0, 0,0, 0,0, 0, 0,0, 0, 0, 0, 1,0, 0, 0,0, 0,1, 0,0,0,0,0,0, 0,0,0,0,0,0, 1,0,0,0,0, 0,0, 0,0,0, 0,1,0,0,0, 0, 0,0,0,0, 0,0,0, 0,0, 1, 0,0,0,0,0, 1,0, 0,0,0, 1,0,0, 0,0,0,0, 0,0, 0,0, 0,0, 0, 0,0,0,0,0, 0, 0, 0, 0, 1, 1, 0,0,0, 0, 0, 0,0, 0,0, 0, 0, 0, 0, 0, 0, 1, 0, 0,0, 0, 5,0,0, 0,0, 0, 0, 5, 0,0, 0, 0, 1, 0,0,0, 0,0,0,0, 0,0,0,0,0, 0, 0, 0,0, 0,0, 1,0, 0,0,0, 1,0, 0, 0,0,0, 0, 0, 0,0,0,0,0,0,0,0, 1, 0,0,0, 1, 0, 0,0, 0,0,0,, 1,0, 0,0,0.0,0,0,0, 0, 0, 1,0,0,0, 0,0, 0,0,0, 0, 0, 1, 0, 0,0,0,0,0,0, 0,0,0,0, 5, 0,0, 0,0,0, 1, 0, 0, 0, 0,1,0, 0, 0,0,0,0,0,0,0,0, 0,0,0,0,0, 0,0, 0,0,0,1, 1,0,0,0,0,0,0,0,0,0,,0,0,0, 1, 0,0,0,0, 0, 0,0,0,0, 0,0,0,0,0, 0,0, 0, 0, 0, 0,1,0,0, 0, 0,0,0,1,0,0,0,0,0, 0,0,0,0, 1,0,,0,0,0,0,0,0,1,0,0, 0,0,0,0,0,0,0,0,0,0,1,0, 1,0,0,0,0,0,0,1, 0, 1,0, 0, 0, 0,0,0, 0,0,1, 0,0,0,0, 0,0, 1,0,0, 0,0,0,0,1,0, 0,0,0,0,1,0,0,0,0,0, 0,0, 0,0,0,0,0, 0,0, 0, 0, 0, 1, 0,0,0,0,0,0,0, 0,0, 0,0,0,0,0, 0,0,0,0,0,1,0,0,1, 1,0,0,1,0,0,0, 0,0,0,0, 0,0, 0,0, 0,0, 1, 1, 5,0,0,0,0, 0,0, 0,0, 0,0, 1,0,0, 0,0, 0,0, 0,0,0, 0,0,0,0,0,0,0,0,0,0,0, 0,0, 0,0,0,0,0,0, 0,0,0,0,0,0,0,0,0,0,0,0,0,0,0,0,0,0,0,0,0,0,0,0,0,0,0,0, 0,0,0,0,0,0,0,0,0,0,0,0,0,0,0,0,0, 0, 0,0, 0,0,0,0,0, 0,0,0, 0,0,0,0,0,0,0,0, 1,0,0,0,0,0, 0,0,0,0,0,1, 0,0,0,0,0,0,0,0, 0,0,0,0,0,0, 0,0,0,0, 0,0,0,0, 0, 0,0,0, 0,0, 0,0,0,0,0,0, 0, 0, 0,0,0,0,0,0,0,0, 0,0,0,0,0,0,0,0,0,0, 0,0,0,0,0,0,0,0, 1,0,0, 0,0,0,0,0,0,0,0,0, 0,0,0,0,0,0,0,0,0,0,0,0,0,0,0,0,0,0,0,0,0,0,0,0,0,0,0,0,0,0,0,0,0,0,0,0, 0,0,0,0,0,0,0,0,0,0,0, 0,0,0,0,0,0,0, 0, 0, 1,0,0,0,0,0, 0,0,0,0.0,0,0, 0,0,0,0,0, 1,0, 0,0,,0, 0, 0,0,0,0,0,0,0,0,0,0,0,0,0,0,0,0,0,0,0,0,0,0,0,0,0,0,0,0,0, 1,0,0,0,0,0,0, 0,0, 0, 0,0, 0,0,0,0, 1,0,0,0, 0,0,0,0,0, 0,0,0,0,0,0,0, 0,0,0,0,0,0, 0,0,0,0,0,0, 0, 0,0,0,0,0,0,0,0, 0,0,0,0,0,0, 0, 0,0,0,0, 0,0,0,0,0,0,0,0,0,0,0, 0,0,0,0,0,0,0,0, 0, 0,0,0,0,0,0,0,0,0,0,0,0,0,0,0,0, 0,0,0,0,0, 0,0,0,0,0,0,0,0,0,0, 0,0,0,0,0,0,0,0,0,0,0,0,0, 1,0,0,,0,,0, 0,0,0,0,0,0,0,0,0,0, 0,0,0,0,0,0, 0,0, 0,0,0,0,0,0,0,0,0,0, 0, 0, 0,0,,0,0,0,0,0,0,0,0,0,0,0,0, 0,0,0,0,0, 0,,0,,0,0, 0, 0,0,0,0,0,0,0,0,0,0,0,0,0,0, 1, 0,0, 1,0,0,0,0,0,0,0,0,0,0,0,0, 0,0,0,,0,0,0,1, 0, 1, 0,0,0,0,0,0,0,0,0, 0,0, 0,0,0, 0,0,0,0,0,0,0, 0, 0,0,0,0,0, 0,0,0,0,0, 0, 0,0,0,0,0, 0, 0, 0,0,0, 0,0,0, 0, 0,0,0,1,0, 0, 0,0,0, 1,0, 0,1,0,0,0,0,0,0,0,0,0,0,0,0, 0,0,0, 0,0, 0,0,0,0,0,0,0,0,0,0,0,0,0,0,0, 0,0,0, 0,0,0, 1, 0,0,0,0, 0, 0,0,0,0,0, 0,0,0, 0,0,0, 0, 0,0,0,1, 0,0,0,0,0,0,0,0,0,1, 0,0, 0,0, 0,0,0, 0,0,1,0,1,0),,0, 0, 0, 1,0, 0,0,0, 0,0.0,0),, 0,0, 0, 1, 0,0,0, 0, 0,0,0, 1,0,0,0,0,0,0,0, 1,0,0, 1,0, 0,0, 0,0, 0,0),,0,0,0,0,0,0, 0,0, 0,0,0, 0, 0,0,0, 0,0, 0,0,0, 0,0,0,0,0, 0,0, 1, 0, 0,0, 0,0, 1, 0,0,0,0,0, 0,0, 0,0,0,0, 0,0,0,0,0,0,0,0,0,0, 0,0,0,0,0,0,0, 0,0,0,0, 0, 0,0, 0, 0,0,0, 0, 0, 0, 0,0,0,0,0,0,0,0, , 0, 0, 0,0,0,0, 0,0,0,1,0,0,0,0,0, 0,0,0, 0,0,0,0,0,0,0,0,0,0,0, 0,0, 0,0,0,0,0,0,0,0,0,0, 0, 0,0,0,0,0, 0, 1, 1, 0,0,0,0,0, 0, 0,0, 1,0,0,0,0, 0,0, 0,0,0, 0,0, 1,0,0,0, 0,0,0,0, 0,0, ,0,0,0,0,0, 0,0,0,0,0,0,0,0,0,0), 0, 0,0,0,0,0,0,0,0,0,0,0, 0,0, 1, 0,0, 0,0,0,0.0,0,0,0,0,0,0,0,0,0,0,0,0,0, 0,0,0,0,0,0,0,0,0,0, 0,0,0,0,0,0),,0,0,0),,0,0,0,0),0,0,0),0,0), 0, 1,0, 0,0,0, 0,0,0,0,0,0,0, 0,0,0,0,0,0,0, 0,0, 0,0,0,0,0),,0,0,0,0, 0, 0,0,0,0,0,0,0,0,0,0,0,0,0,0,0,0,0,0,0,0,0,0, 0,0,0,0,0,0,0,0, 0, 1,0,0,0,0,0,0,0,0,0,0,0, 0,0,0,0,0,0,0,0, 0,0,0, 0,0,0,1,0.0,0,0,0,0,0,0,0,0,0,0,0,0,0,0,0,0,0,0,0,0,0,0,0, 0,0,0,0, 0,0,0,0,0,0,0, 0),0, 0, 0,0, 0, 0,0,0,0, 0,0,0,0,0),,0,0,0, 0,0,0, 0,0,0, 0,0,0,0,0,0,0, 0, 0, 0,0, 0,0, 0,0,0,0, 0, 0,0,0,0,0,0,0, 0,0, 0,0,0, 0,0, 0,0, 0,0, 0,0,0),, 0,0,0,0,0,0,0,0,0,0),0,0, 0,0,0,0,0,0,0,0,0,0,0,0,0,0,0,0,0,0,0,0,0,0,0,0,0,0,0,0,0,0,0,0, 0,0, 0,0,0,0,0,0,0,0,0,0,0,0,0), 0, 0,0,0,0,0,0,0,0,0,0,0, 0,0,0,0,0,0,0,0,0,0,0,0,0, 0, 0,0,0,0,0,0,0,0,0,0,0,0,0, 0,0,0, 0, 0,0,0,0,0,0,0,0,0,0,0, 0, 0,0, 0),,0,0, 0,0,0,0,0, 0,0, 0,0,0,0,0,0,0, 0,0,0,0,0,0,0,0,0,0,0,0,0,0,0,0,0,0,0,0,0,0,0, 0,0,0,0,0,0,0,0,0,0, 0,0, 0,0,0,0,0,0, 0,0,0,0,0,0,0,0,0,0, 0,0,0,0,0,0,0, 0,0,0,0,,0,0,0,0,0, 0,0, 0, 0,0,0,0,0,0, 0,0,0,0,0,0,0,0, 0,0,0,0,0,0,0,0,0.0,0,0,0,0,0),,0,0,0,0,0,0,0,0,0,0,0,0,0,0,0,0,0,0,0,0,0,0,0,0,0,0,0,0,0,0,0,0,0,0,0,0, 0, 0, 0,0, 0,0,0,0,0,0,0,0,0,0,0), 0,0, 0,0, 0,0, 0,0,0,0,0, 0,0, 0,0,0,0,0, 0,0,0,0, 0,0,0,0,0,0, 0,0,0,0.0,0,0,0,0, 0,0,0,0,0,0,0,0,0,0,0, 0,0, 0,0,0,0,0,0,0, 0, 0,0, 0,0,0,0, 0, 0,0,0, 0,0,0,0,0,0, 0,0, 0.0,0,0,0,0,0,0,0,0,0,0. 0,0,0,0,0,0, 0,0,0,0,0,0,0,0,0,0,0,0, 0, 0, 0,0,0,0,0,0,0,0,0,0,0,0,0),0,0,0, 0,0,0,0, 0,0,0, 0,0,0,0, 0,0,0,0,0,0,0,0,0,0,0, 0, 0, 0,0,0,0,0,0,0,0, 0,0,0, 0, 0,0,0,0,0, 0, 0,,0,0,0,0, 0, 0, 0,0, 0, 0,0, 0, 0,0, 0,0, 0,0,0, 0, 0,0,0, 0,0, 0,0,0,0,0, 0,0,,0,0,0, 0,0,0,0, 0,0,0,0,0, 0,0,0,0,0,0,0,0,0,0,0,0,0,0,0,0, 0,0,0,0,0, 0, 0),,0,0, 0,0,,0, 0,0, 0,0,0, 0,0, 0,0, 0,0,0,0, 0,0, 0,0,0, 0, 0,0,0,0,0,0, 0,0),, 0, 0,0,0,0,0,0, 0,0,0,0,0,0,0,0,0,0,0, 0, 0, 0, 0,0, 0,0,0, 0,0,0,0, 0,0,0,0, 0,0,0,0,0,0, 0,0,0,0, 1,0, 0, 0, 0, 0,0,0,0,0, 0, 0,0,0,0