Model,System,Judge,Round,Score Document,Score Reference,Score Ref+Doc
qwen2-7b-instruct,citybus,gpt-4.1-nano,first,0.0,14.0,53.0
qwen2-7b-instruct,citybus,gpt-4.1-nano,second,75.0,76.0,35.0
qwen2-7b-instruct,citybus,gpt-4.1-nano,third,68.0,86.0,50.0
