Test Model,System,Round,Score Document,Score Reference,Score Reference Document
chrono-agentic-codex-gpt5.5,viper,first,86,64,89
chrono-agentic-codex-gpt5.5,viper,second,45,64,69
chrono-agentic-codex-gpt5.5,viper,third,100,76,71
