Test Model,System,Round,Score Document,Score Reference,Score Reference Document
gpt-4.1-mini,vehros,first,30,25,20
gpt-4.1-mini,vehros,second,74,35,47
gpt-4.1-mini,vehros,third,64,27,59
