Test Model,System,Round,Score Document,Score Reference,Score Reference Document
qwen3-235b-a22b,m113,first,75,5,2
qwen3-235b-a22b,m113,second,70,22,15
qwen3-235b-a22b,m113,third,69,30,48
