Model,System,Round,Avg Score Document,Avg Score Reference,Avg Score Ref+Doc,Num Judges
llama4_scout,tablecloth,first,35.0,13.67,21.0,3
llama4_scout,tablecloth,second,31.0,67.33,55.67,3
llama4_scout,tablecloth,third,27.33,50.0,48.67,3
