Model,System,Round,Avg Score Document,Avg Score Reference,Avg Score Ref+Doc,Num Judges
llama-3.3-70b-instruct,rotor,first,28.67,16.67,15.0,3
llama-3.3-70b-instruct,rotor,second,39.67,73.33,80.33,3
llama-3.3-70b-instruct,rotor,third,46.0,40.33,66.67,3
