Model,System,Round,Avg Score Document,Avg Score Reference,Avg Score Ref+Doc,Num Judges
codestral-22b-instruct-v0.1,scm,first,22.33,28.0,32.33,3
codestral-22b-instruct-v0.1,scm,second,34.67,50.33,50.33,3
codestral-22b-instruct-v0.1,scm,third,35.67,13.0,31.0,3
