Model,System,Round,Score Document,Score Reference,Score Ref+Doc
gemma-3-1b-it,feda,first,25.0,10.0,25.0
gemma-3-1b-it,feda,second,12.0,34.0,42.0
gemma-3-1b-it,feda,third,14.0,60.0,49.0
