Test Model,System,Round,Score Document,Score Reference,Score Reference Document
claude-sonnet-4.6,sensros,first,78,30,32
claude-sonnet-4.6,sensros,second,57,42,42
claude-sonnet-4.6,sensros,third,12,60,67
