Test Model,System,Round,Score Document,Score Reference,Score Reference Document
mistral-large-latest,cable,first,0,2,15
mistral-large-latest,cable,second,17,78,80
mistral-large-latest,cable,third,14,22,29
