Model,System,Round,Score Document,Score Reference,Score Ref+Doc
llama4-scout,vehros,first,65,3,4
llama4-scout,vehros,second,85,5,7
llama4-scout,vehros,third,90,4,
