Model,System,Round,Score Document,Score Reference,Score Ref+Doc
llama-3.1-70b-instruct,cable,first,12.0,17.0,22.0
llama-3.1-70b-instruct,cable,second,69.0,87.0,77.0
llama-3.1-70b-instruct,cable,third,19.0,37.0,37.0
