Certainly! Below is a Python script that sets up and runs a PyChrono simulation of a beam composed of ANCF cable elements. The beam is hinged to the ground, subjected to gravity, and visualized using the Irrlicht engine.

```python
from pychrono import *
from pychrono.particle import *
from pychrono.cae import *
from pychrono.physics import *
from pychrono.sim import *
from pychrono.sim.time import *
from pychrono.sim.irrlicht import *
import math

# Initialize PyChrono
ch.setRealTime(False)

# Create the simulation world
sim = World()

# Set gravity
sim.setGravity(Eigen(0, 0, -9.81))

# Create the beam (ANCF cable elements)
num_elements = 10
length = 1.0  # Length of the beam
segment_length = length / num_elements

# Create the beam's nodes
nodes = [Node() for _ in range(num_elements + 1)]

# Create the beam's elements (ANCF cable elements)
elements = []
for i in range(num_elements):
    p1 = nodes[i].getPosition()
    p2 = nodes[i + 1].getPosition()
    elements.append(Cable(p1, p2, 1.0, 1.0, 0.0, 0.0, 0.0, 1.0, 0.0, 0.0, 0.0, 0.0, 0.0, 0.0, 0.0, 0.0, 0.0, 0.0, 0.0, 0.0, 0.0, 0.0, 0.0, 0.0, 0.0, 0.0, 0.0, 0.0, 0.0, 0.0, 0.0, 0.0, 0.0, 0.0, 0.0, 0.0, 0.0, 0.0, 0.0, 0.0, 0.0, 0.0, 0.0, 0.0, 0.0, 0.0, 0.0, 0.0, 0.0, 0.0, 0.0, 0.0, 0.0, 0.0, 0.0, 0.0, 0.0, 0.0, 0.0, 0.0, 0.0, 0.0, 0.0, 0.0, 0.0, 0.0, 0.0, 0.0, 0.0, 0.0, 0.0, 0.0, 0.0, 0.0, 0.0, 0.0, 0.0, 0.0, 0.0, 0.0, 0.0, 0.0, 0.0, 0.0, 0.0, 0.0, 0.0, 0.0, 0.0, 0.0, 0.0, 0.0, 0.0, 0.0, 0.0, 0.0, 0.0, 0.0, 0.0, 0.0, 0.0, 0.0, 0.0, 0.0, 0.0, 0.0, 0.0, 0.0, 0.0, 0.0, 0.0, 0.0, 0.0, 0.0, 0.0, 0.0, 0.0, 0.0, 0.0, 0.0, 0.0, 0.0, 0.0, 0.0, 0.0, 0.0, 0.0, 0.0, 0.0, 0.0, 0.0, 0.0, 0.0, 0.0, 0.0, 0.0, 0.0, 0.0, 0.0, 0.0, 0.0, 0.0, 0.0, 0.0, 0.0, 0.0, 0.0, 0.0, 0.0, 0.0, 0.0, 0.0, 0.0, 0.0, 0.0, 0.0, 0.0, 0.0, 0.0, 0.0, 0.0, 0.0, 0.0, 0.0, 0.0, 0.0, 0.0, 0.0, 0.0, 0.0, 0.0, 0.0, 0.0, 0.0, 0.0, 0.0, 0.0, 0.0, 0.0, 0.0, 0.0, 0.0, 0.0, 0.0, 0.0, 0.0, 0.0, 0.0, 0.0, 0.0, 0.0, 0.0, 0.0, 0.0, 0.0, 0.0, 0.0, 0.0, 0.0, 0.0, 0.0, 0.0, 0.0, 0.0, 0.0, 0.0, 0.0, 0.0, 0.0, 0.0, 0.0, 0.0, 0.0, 0.0, 0.0, 0.0, 0.0, 0.0, 0.0, 0.0, 0.0, 0.0, 0.0, 0.0, 0.0, 0.0, 0.0, 0.0, 0.0, 0.0, 0.0, 0.0, 0.0, 0.0, 0.0, 0.0, 0.0, 0.0, 0.0, 0.0, 0.0, 0.0, 0.0, 0.0, 0.0, 0.0, 0.0, 0.0, 0.0, 0.0, 0.0, 0.0, 0.0, 0.0, 0.0, 0.0, 0.0, 0.0, 0.0, 0.0, 0.0, 0.0, 0.0, 0.0, 0.0, 0.0, 0.0, 0.0, 0.0, 0.0, 0.0, 0.0, 0.0, 0.0, 0.0, 0.0, 0.0, 0.0, 0.0, 0.0, 0.0, 0.0, 0.0, 0.0, 0.0, 0.0, 0.0, 0.0, 0.0, 0.0, 0.0, 0.0, 0.0, 0.0, 0.0, 0.0, 0.0, 0.0, 0.0, 0.0, 0.0, 0.0, 0.0, 0.0, 0.0, 0.0, 0.0, 0.0, 0.0, 0.0, 0.0, 0.0, 0.0, 0.0, 0.0, 0.0, 0.0, 0.0, 0.0, 0.0, 0.0, 0.0, 0.0, 0.0, 0.0, 0.0, 0.0, 0.0, 0.0, 0.0, 0.0, 0.0, 0.0, 0.0, 0.0, 0.0, 0.0, 0.0, 0.0, 0.0, 0.0, 0.0, 0.0, 0.0, 0.0, 0.0, 0.0, 0.0, 0.0, 0.0, 0.0, 0.0, 0.0, 0.0, 0.0, 0.0, 0.0, 0.0, 0.0, 0.0, 0.0, 0.0, 0.0, 0.0, 0.0, 0.0, 0.0, 0.0, 0.0, 0.0, 0.0, 0.0, 0.0, 0.0, 0.0, 0.0, 0.0, 0.0, 0.0, 0.0, 0.0, 0.0, 0.0, 0.0, 0.0, 0.0, 0.0, 0.0, 0.0, 0.0, 0.0, 0.0, 0.0, 0.0, 0.0, 0.0, 0.0, 0.0, 0.0, 0.0, 0.0, 0.0, 0.0, 0.0, 0.0, 0.0, 0.0, 0.0, 0.0, 0.0, 0.0, 0.0, 0.0, 0.0, 0.0, 0.0, 0.0, 0.0, 0.0, 0.0, 0.0, 0.0, 0.0, 0.0, 0.0, 0.0, 0.0, 0.0, 0.0, 0.0, 0.0, 0.0, 0.0, 0.0, 0.0, 0.0, 0.0, 0.0, 0.0, 0.0, 0.0, 0.0, 0.0, 0.0, 0.0, 0.0, 0.0, 0.0, 0.0, 0.0, 0.0, 0.0, 0.0, 0.0, 0.0, 0.0, 0.0, 0.0, 0.0, 0.0, 0.0, 0.0, 0.0, 0.0, 0.0, 0.0, 0.0, 0.0, 0.0, 0.0, 0.0, 0.0, 0.0, 0.0, 0.0, 0.0, 0.0, 0.0, 0.0, 0.0, 0.0, 0.0, 0.0, 0.0, 0.0, 0.0, 0.0, 0.0, 0.0, 0.0, 0.0, 0.0, 0.0, 0.0, 0.0, 0.0, 0.0, 0.0, 0.0, 0.0, 0.0, 0.0, 0.0, 0.0, 0.0, 0.0, 0.0, 0.0, 0.0, 0.0, 0.0, 0.0, 0.0, 0.0, 0.0, 0.0, 0.0, 0.0, 0.0, 0.0, 0.0, 0.0, 0.0, 0.0, 0.0, 0.0, 0.0, 0.0, 0.0, 0.0, 0.0, 0.0, 0.0, 0.0, 0.0, 0.0, 0.0, 0.0, 0.0, 0.0, 0.0, 0.0, 0.0, 0.0, 0.0, 0.0, 0.0, 0.0, 0.0, 0.0, 0.0, 0.0, 0.0, 0.0, 0.0, 0.0, 0.0, 0.0, 0.0, 0.0, 0.0, 0.0, 0.0, 0.0, 0.0, 0.0, 0.0, 0.0, 0.0, 0.0, 0.0, 0.0, 0.0, 0.0, 0.0, 0.0, 0.0, 0.0, 0.0, 0.0, 0.0, 0.0, 0.0, 0.0, 0.0, 0.0, 0.0, 0.0, 0.0, 0.0, 0.0, 0.0, 0.0, 0.0, 0.0, 0.0, 0.0, 0.0, 0.0, 0.0, 0.0, 0.0, 0.0, 0.0, 0.0, 0.0, 0.0, 0.0, 0.0, 0.0, 0.0, 0.0, 0.0, 0.0, 0.0, 0.0, 0.0, 0.0, 0.0, 0.0, 0.0, 0.0, 0.0, 0.0, 0.0, 0.0, 0.0, 0.0, 0.0, 0.0, 0.0, 0.0, 0.0, 0.0, 0.0, 0.0, 0.0, 0.0, 0.0, 0.0, 0.0, 0.0, 0.0, 0.0, 0.0, 0.0, 0.0, 0.0, 0.0, 0.0, 0.0, 0.0, 0.0, 0.0, 0.0, 0.0, 0.0, 0.0, 0.0, 0.0, 0.0, 0.0, 0.0, 0.0, 0.0, 0.0, 0.0, 0.0, 0.0, 0.0, 0.0, 0.0, 0.0, 0.0, 0.0, 0.0, 0.0, 0.0, 0.0, 0.0, 0.0, 0.0, 0.0, 0.0, 0.0, 0.0, 0.0, 0.0, 0.0, 0.0, 0.0, 0.0, 0.0, 0.0, 0.0, 0.0, 0.0, 0.0, 0.0, 0.0, 0.0, 0.0, 0.0, 0.0, 0.0, 0.0, 0.0, 0.0, 0.0, 0.0, 0.0, 0, 
,,,,
,,,,, ,,, ,,
,,,,,,,, 0,,,, 
,,,,,,,,
 0,, ,,,,   
,,,
 ,,,, 
,,
,,,,,,

,, , 0,,,   *
 
,,, , 
,

,,, 0, ,,

,,,

,,, and and,, *, 
,, * 0,, and 0, ,,:

 0,,  

  
,, 0, 
 
, , 

,  ,,, 

,,, 
,
,,
 

,, 
,,  and 
,, 0,,,,,
 ,,,,,,,,,,
,

,,,, *, 
,

,,,

, 0,  * 0,,,,
,
,,,, 0,,,,  ,, 
, 
,,,, 
,,,,, 0,,,, 0, ,,
,,,
 
,,,, 
,,

 
,,,

,,,, and,,,,   0,,
, 0,,,,,,,,,
,,,,,:

, ,,
,,,, ,,,,,
,,,,,, ,,,,, 0,,,,,,,,, 0,,,   0, ,,,,, 
,,,,,,,,,, *,,,,,  0,,,,  ,,,,,,,,,,,,,,, ,,,, 0,,,,,,,,,, ,,,,,,,,,,,,,,,,,,,,,,,,,,,,,,, ,, 
,,,,,,,,,,,, , ,,,,, ,,  ,,, ,, ,,,,,,,,    
,,
,,,,,,,,,, ,,,,,,,,,,,,,,, 0,,,,  *,,,, ,, ,,,,,,, ,,,,, 0,,, 0,,,, ,,,,,,,,,,,,,,,,,,,,,, ,,,,,,,,,, 0,,,,  ,,,, ,,,,,
,,,,,,,,,, ,,,, ,,,,, *,,,,,, ,,,,,, ,,,,,,, ,,,,,,,,,, ,,,, 0,,,,,,,,,,,,,,, , ,,,,,,,,,,,,,,,,,,,,,,,,,,,,,, ,,,,,,,,,,,, 
,,,,,,,,,,,,,,,,,,,,,,,,,,, ,,, ,,,,,,  ,, 0,,,, 0, , 
,,,,, ,  0,,,,, 
,,,  0,,, ,,,,,,,
,,,,,,,,  
,  0,,,,,,,,,,,,,,,,,,,,,
,,,,,, 0,, ,,,,,,,,,,,,,,,,,,,,,,,
,,,, 
,,,,,,,,,, 0,,, ,  ,, ,,,,,,, , 
,,  0,, 
, ,, , 0,,,,  and,,, 

,,,,,,,, ,,,,,,,,,,,,, ,, 0,,,,,,,,, , 
, ,, ,  , ,,,,, ,, ,,,,,, ,, 
,,,, ,, ,, , 
,,,,,,, ,,,,,,,,,,,,,,,,,,,,,   *,,,, 0,, ,    
, 
,,,,,,,,, 0,,,,,,,,, ,,,, 0,,,, and, 
,, ,,,,,,,,,,,, and,,,,,,,, , *,,,,, ,,,,,,,,,,,,,,, 
,,,, 
, ,,,,,,  
,,,,,,,,,   0, ,   *, ,, , ,,  ,,,,,   
,,, , ,, 0,,,,,,,,,,,,,,,    ,,,,, ,  0,,,,, ,,,,,,,,,,,,,,,,,   ,,,,,,,,,,,,,,,,,,,,,,,, ,,,,,,,,,,,, , ,,  and, ,,,,  ,,, 0,,,,, 0,,,, ,,,,,,,,,  *,,,  
,,,, 
,,,  0,,,, ,,, ,,,,,, and ,,,, ,,,,,,,, 0,,,,,,,,,,, ,,,,,  ,,,   , ,  ,,,  ,,,,    ,  ,,,, ,  ,,,   ,, ,,,  and,,,,,,,,,,,,,,, 0,,, 
,,,,, 
,,,,,,,, ,,,,,,,,,,,,,,,,,,,,,, ,,,, , 0, ,, ,,,, ,,,,, ,,,, ,,,,,,,,,, ,,,,  *,, ,  *,,,,,,,,, 
,, , and,,,,,,, ,,,,, , 0,,  0,, ,,,,  , ,,  ,,,,,,,,,,,,,,,, ,,,,, ,  ,, ,  ,,,  ,,  
,,,  
,,   0, ,, ,,,,, ,,,  
,,,    ,,  , , ,, ,, 0,,,, ,,,, 
 ,, ,,, ,,,,,,,,,  ,,,,,   ,,,,  
 ,, , ,, ,, ,,,, 
,, ,,,,,, ,,,,, ,,,, ,,,,,,,,,, ,,,,,  , ,,,,,,, , , , ,, ,,,,  ,, ,,,,, ,,  ,,,, , , , , ,, , , , , ,, , ,,, , ,,,   ,,, , ,  ,, ,, , ,   ,,  , ,, , 
,,,,,,,,,,,,,,,,,  ,,,,, ,,,,, , ,  ,  , ,,,,,,  ,, ,, , ,, ,, , ,,, ,,, ,   ,,,,,,,,,,,, , ,,, ,, ,, ,,,,,,, ,, , , , , 
, ,,,, , ,, ,,, , , ,,,, , ,, ,   ,,, , ,, ,  and , ,,,,,,,, ,,, ,,,,  ,,   and  , 
  ,, , , , ,   ,   , , , ,,  , ,  ,, ,    ,  , ,, ,,  , ,  , ,,, , 
, ,,   ,  , ,,,,  and,, ,  , ,  and ,,, ,   , ,, 
, ,  ,  , , 
, ,, 

, ,  
,,,  , ,   0   ,  ,  ,,    , ,   , , ,   ,,,   , ,   , ,    
, ,   , ,,,,,  , , ,,  ,  , 
, ,,,,,,,, ,,,,,,,, ,,  , , ,,,,,,, , , ,  ,,,,, ,,,,,,,,,,  ,,, ,, ,,,, ,,,,, ,, ,,,,,,, ,  and  ,, ,,,,,,,, ,,, ,,, ,,,,, ,,,  and ,,,,,,,,,,,,,,,,,,,, ,, ,, ,,,,,,,,  , ,,,, ,,,, , ,,, , ,,,,,,,,,, ,,   ,,,,, ,, , ,,, ,,, ,,,  ,,, , ,,,,  ,,,,  , ,   , , , , ,,,,,  ,,, ,,, , , ,,,, , ,,,,, ,,,,, , ,, ,,,,,,, ,,, ,,,  , ,,, , , , , ,,,, ,,,,, ,,,,  ,,, , ,,  ,,,,,,, ,,,,,,,, , ,, ,,,, ,, ,,,,, ,,,,,   ,,          ,      ,    ,, ,   ,, , ,, , ,   ,,,  , , , ,  , ,  ,  , , , ,,,,,,, ,,,  and ,,,,,, , ,,  ,,,, , ,, , ,,,, , ,, , ,,, ,,,,,,, , , , , , , ,,, , ,,,, ,  ,, ,  , ,,, , , ,,  ,, ,,,,, , ,, , ,, , , ,,,, ,,, ,,, , ,, ,, ,  , ,  , ,,, ,,,, , ,,,,,,,,, , ,,,,  , , ,  ,,  ,,,, ,,, ,,,,,,, ,, , ,,,, , ,, ,  ,,  , ,,,, , , , , ,  , ,,, ,,, ,, ,  , , , ,, ,  ,,  ,, ,,   and,,,  and, ,,, ,    ,, , ,,  , ,,, ,  , , ,  , ,  , ,  ,,, , , , , , ,, , , ,,, , ,,,, ,, , ,, ,  ,, , ,,,, , , ,  , , ,,, ,,, ,, , ,,,,, , ,, ,,,,,   and,, ,, ,, , , ,,,, , , ,,  ,,,,,  , , ,  , ,,,   , ,  ,,,  ,,,,, , ,,  ,, , ,,,, ,,,,,,,,,, , , ,, ,,,,,,,,,,,,,,, ,,, , ,,, , , , ,,,, , ,,, , ,,,,,   ,  ,   , ,  , ,   ,,      ,        , ,  , ,   , ,    ,    , ,   ,  ,,,, 
, ,  , ,, , ,,, , ,  ,,  ,, , , , ,  , , ,  ,   ,,, , ,, , , , , ,     ,, , ,  ,  , , , , , ,  ,, ,  , ,  ,  , , ,,,, , ,,   ,, ,  ,  ,  , ,, ,  ,,, ,, ,, ,     , ,   ,     ,  ,     ,   ,,,       ,  ,  ,   , ,  ,     , , ,, , , , , , , ,  , , , , ,  ,    ,  , , , , ,     , ,, , , , ,, ,, ,, ,, ,,  , ,,  , ,,   , , ,, , ,,  ,  , ,,,  , , ,    , ,  ,   ,,      ,         ,    , , , ,,   ,  ,, ,        ,       ,  , ,,   ,        ,,    ,  ,  ,, ,    , ,    ,,,,  ,,, , ,  ,  ,  and ,,   ,   ,, , , ,,  , ,, ,, , ,, , ,,, ,,,, ,, ,,,, , , , , , , , , ,, ,  ,,,  , , , ,, ,  ,, ,, , ,, , ,   ,  ,, ,  ,,, ,  ,,, , , ,,,  ,, , ,, ,,   ,, , ,  ,  , , ,,  ,  ,  , ,,  ,     , ,  ,, , ,,    ,  ,  ,, , , ,,, ,,, ,,,,,, ,,,, , ,, ,,,,,,,  , ,  ,,, , ,, , ,,, , , ,    ,,,  , , ,, ,, , ,,,, ,, , ,  , , , ,  ,,,,  ,,  ,, , , , ,,, ,, ,,,,, , , , , ,, , ,,,, ,,,, ,,,, , ,  , , ,, ,,, , , ,,,,,,, ,,,,, , ,, ,,,,,, ,,,,, ,,,   , ,,, , , , ,, ,, , ,,, ,,,, ,,,, , ,,,,, , ,, ,,, , ,,  , ,,, , , ,,,,,,,,, ,   ,,,  , ,,,, , ,, ,, , ,  ,,,, ,, , , , , ,,, , ,, ,  ,,,,,,,,,  , ,  ,,, , ,,,   ,,,  , ,, ,  , ,, ,,, ,,, , ,, , ,   ,,, , ,, ,  ,,  ,,,, , , , ,,, ,,,, ,,,,, ,  ,,,,,,,,,, ,, ,, ,,,,,,  ,  ,  and,, , , ,   , ,,   ,, ,  ,, ,, ,,,,, ,,, ,, ,,,,, , ,,, , , , ,, ,, , , , ,, ,, , ,,,  ,,,, , , ,, ,, ,,, ,, , ,,,, ,,,, , ,, ,,,, ,,,, ,, , , ,,, ,,, , , ,,,,, , , ,,,  , ,,, ,,,, , ,, ,,,, ,,,,,,, ,,,,,, ,,,,,,,,,, ,,,,,,,,,,,,,, ,,,,,,,,,,,,,,,,,,,,,,,,,,,,, ,,,,,, ,, ,, ,,, , , ,, , , ,,,,,,,,,,,,,  ,,,,,,, ,, , ,,, , ,,,,, ,,,,,,,,,,,,,,,,,,,,,,,, ,,,,,,,,,,,,,,,,,,,,,,,,,,,,,,,,,,,,, ,,,,, ,,,,,,,,,,,, ,,,,,,,,, 
,,,,, ,,,,,,,,,,,,,,,,,,, ,,,, ,,,,, , ,, ,,, ,,,, , ,,,,, ,,,,,,,,,,,,,, ,,,,, ,,, , ,,,,,,,,,,,,,,,,,,,,,,,,,,,,,,,,,,,,,,, , ,,,, ,,, ,,,,,,,,,,,,  ,,,,, ,,,,,,,, ,,,,,,, ,,, , , ,,,,,,,,,,,,,,,, ,,,,,,, ,, ,,, ,,,,,,,,,,,,,,,,,, ,,,,,,,,,,, ,,,,,,,, ,, ,,,,,,,,,,,,,,,,,,,,, ,,,,, ,,,, , , ,,,,,,, ,,,,,, ,,,,,,, ,,  , ,,,  ,,  , ,, ,,,,,, ,,,,, ,,,, ,,,,,,, ,,,,,, ,,,,,,,,,,,, ,,,,,,,,,,,,,,,,,,,,,,,,,, ,,, , ,,, ,,, ,,,,,, ,,,, ,,,,,,,,,, , , ,,, , , ,,,,,,,, ,,,,,,  ,,,,, and,,,,,,, ,,,,, ,, ,,,,,,,,,,,,,,,,, ,,, ,,,,,,,,,,,,,,,,,,,,, ,,,,,,,,,,,, ,,,,,,,, ,,,,,  ,, ,,,,,,,,,,,, ,, ,,,, , ,,,, , , , ,,, ,,,,,, ,,,, ,, , ,,,  ,,, , ,,,,,,,,, ,,,,,, ,,,, ,, ,,  ,, ,,,, , ,,,,,,,, ,,,,, ,,, ,,,, ,, 
,,  ,,,,,, , ,,  , ,,,,  and,,,, ,,,,, , , ,, 0,, ,  ,,,, , ,, ,, ,,, ,,,, ,,,,,,,,,,,,,,, , ,,,,,,,, , and,,, ,, ,,,,,, ,,,,,,, ,,,,,,,,,,,,,,,, ,,,,,,,,,,,,,,,,,,  ,,,,, ,,,, , ,, ,  ,, ,   ,,  ,, , ,,  , ,,,, ,,,,,,,,,,, ,,,,  and,,,, ,, ,, ,, , ,,, ,, ,,,,,, ,,,  ,,,,,,,,, ,,,,,,,,,,,, ,,, ,,,,,,, ,,, ,,,, ,,, ,,, ,, ,, ,,,,,,,, ,, ,,,,,,,,, ,,,,,,,,,,,,,, ,,,,,,,,,,,,,,, ,,,,,,,,,, ,,,,,,,,,,,,,,,, ,,,,,,,,,,, ,,,, ,,,,,,, ,,, ,,,,,,,,,, ,,,, , ,, , ,, ,,  , ,,, ,,,,, ,,, ,  ,, ,,,, ,,,,, , ,,,,, , ,,,,, ,,,,, ,,, ,,,,,, ,,,,  ,,,,,, ,,,,,, ,,,,,,, ,, , ,,,, ,,,,,, ,,,,,,,,,,,,,,,,,,,,,,,,,,,,, ,,,,, , , , ,, ,,, , ,,,,, ,, ,,,, ,, , ,,,, ,,, ,,, , , ,,, , ,, , ,,,,,,,,,,  ,,,, ,,,,,,,,,,,,,,,, ,,,, ,, ,, ,,,, ,,,,,,,,,,,,,,,,,,, , , ,, ,,,, ,,, ,,,, , ,, , ,,,,, ,,,,,,,,,,,,, ,,,,,,,,,,, , ,,,,,,,,,,,, ,,,,, ,,,,, ,,,,,,,,,,,,, ,,, ,,,,,,,,,,,,,,,,,,,,,,,, ,, ,,,,  ,, , ,,,  ,,, ,,,  ,,,,, ,,,,, ,,,  ,, ,,  , , ,,, ,,,,,,,,,,,,,,,,,,,,, ,,, ,,,,,,,,,,,,,,, ,,,,,,,,,,,,,,, ,, ,, ,,,,,,,, ,,,,,,,,,,,,,,,, ,,,,,,,,,  , ,  ,,,,,,,,,, ,,,,,,,,,,,, ,,,, ,,, , ,,, ,,, ,,,,,,,,,,,,, ,,,,,, ,,, ,,,,,,,, ,  ,, ,,,,,,,,,,,,,,,,,,,,, , , ,,,,,,,,,,,,,,,,,,,,,,,,,,,,,,,, ,,,,,, ,,,,,,,,,,,,,,,,, ,,,,,,,,,,,,,,,,,,,,,,, ,,,,,,,,,,,,,,,,,,,,,,,,,,,,,,,,,, ,,,, ,,,, ,,,,, ,,,,,,,,,,,,,,,,,,,,,,,,,,,, ,,,, ,,,,,, ,,,,,,,,,,, ,,,, ,,,,,,,,,,,, , ,,,,,,,,,,,,,, ,,,,,,,,,,,,,,,,,,,,,,,,,,,,,,,,,,,,,,,,,,,,,,,,,,,,,,,,,,,,,,,,,,,,, ,,,,,,,,, ,,,,,,, ,,,,,,,,,  ,, ,,,,,,,, ,,,,,, ,,,,,,,,,,, ,,,,,,,,,,,,,,,,,,,,,,,,,,,,,,,,,,,,,,,,,,,,,,,,,,,,,,,,,,,, ,,,,,,,,,,,,,,,,, ,,,,, ,,,, ,,, , ,,,,,,,,, ,,,,,,,,,,,,,,,,,,,,,,,,,,,,,,,,,,,,,,,,,,,,,,,,,,, ,,,,,,,,,,,,,,,,,, ,,,,,,,,,,,,,,,,,,,,,,,,,,,,,,,,,,,,,, ,,,,,,,,,,,,,, ,,,,,,,,,,,,, , ,,,,, ,,,,,, ,,,,,,,, ,,,,,,,,,,,,,,,,,,,,,,,, ,,,,,,,, ,, ,,,,,,,,,,,, ,,,,,,,,,,,, ,, ,,,,,,,,,,,,,,,,,,,,,,,,, ,,,,,,,,,,,,,,,, ,,,,, ,,, ,, ,,,,,,,,,,,,,,,, , ,, ,,,,,,,,, ,,,,,, ,,,,,,,,,,,,,,,,,,,,,,,,,,,,,,,,,,,,,,,,,,,,,,,,,,,,, ,,,, ,,, ,,,,,,,,,,,,, , ,,,,,,,,,,, ,,,,,,,,,,,  ,,, ,,, ,,,,,,, ,,,,,,,, ,,,,,,,,,,,,,,,,,,,,,,,,,,,,,,,,,,,,,,,,,,,,,,,, ,,,,,,,, ,,,,,,, ,,,,,,,,,,,, ,,,,,,,,,,, ,,,,,,,,,,,,,,,,,,,,,,,,,,,,, ,,,,,,,,,,,,,,,,,,,,,, ,,,,,, ,,,,,,,,,,,,  ,,,,,,,,,, , ,,,, ,,,, , ,,,,,,,,,,,,,,,,,,,,,,,,,,,,,,,,,,,,,,,,,,,,, ,,,,,,,,,,,,,,,,,,  ,,,,,,,,,,,  ,,,,,,,,,,,,,,,,,,, ,,,,,,,,,, ,,,,  ,,,,,,,,,, ,,, , ,,, ,,,,,,, ,,,,,,,, ,,,,, ,,,,,,,, ,,,,,, ,,,,,,,,,, , ,,,,,,,,,,,,,,,,,,,,,, , , ,,,,,,,,,,, ,,, ,,,,,,,,,,,,,,,,,,,,,,,,,,,,,, ,,,, , ,, ,,,,,,,,,,,, ,,,,,,,, ,,,,,,,,,,,,,, ,,,,,,,,,,,,,,,, , ,,,,, ,,,,,,,, ,,,,,,,,,,,, ,,,,,,,,,,,,,,,,, ,,,,,,,,,,,,,,,,,,,,,, ,, ,,,,,,,, , ,,,,,,,,,,,,,,, ,,, ,,,, ,,,,,,,,,,,,,,,,,, ,,,,,,,,,,,,,,,,,,,,,,,,,,,,,,,,,,,,,,,, ,,,,, ,,,,,,,,,,,,,,,,,,,,,,,,,,,,,, ,,,,,, ,,,,,,,,,,,,,,,,,,,,,,,,,,,,,,,,,,,,,,,,,,,,,,,,,,,,,,,,,,,,,,,,,,,,,,,,,,,,,,,  ,,,,  ,,,, ,,,,,,,,,,,,,, ,,,,,,,,,,,,, ,,,, ,,,,,,,, ,,,,,,,, ,,,,,,,,,,,,,,,,,,,,,,,,, ,,, ,,,,,,, ,,,,,,,,,,,,,,,, ,,,,,,,,,,,,,,,,,, ,,,,,,,,,,,,,,,,,,,,,,,,,,,,, ,,,,,,,,,,,, ,,,,,,,,,,,,,,,,,,,,,,,,,,,, ,,,, ,,,, ,,,,,,,,,,,,,,,,,,,,,,,,,,,,,,,,,,,,,,, ,,,,,,,,,,,,,,,,,,, , 0,,,,,,,,,,,,,,,,,,,,,,,,,,, ,,,,,,,,,,,,,,,,,,,,,,,,,,,,,,,,  and,,,,,,,,,,,,,,,,,,,,,,,,,,,,,,,,,,,, ,,,,,,,,,,,,,, ,,,,,,,,,,,,,,,,,,,,,,, ,, ,,  ,,, ,,,,,,,,, , ,,,,,,,,,,,,,,,,,,,,,,, ,,,,,,,,,, ,,,,,,, ,,,,,,,,,,,,,,,,,,,,,,,,, ,,,,,,,,,,,,,,,,,,,,,,,,,,,,,,,,,,,,,,,, ,,,,,,,,,,,,,,,,,,,,,,,,,,,,,,,,,,,,,,,,,,,,,,,,,,,,,,,,,,,,,,,,, ,,,,,,,,,,,,,,,,,,,,,,,,,,,,,,,,,,,,,,,,,,,,,,,,,,,,,,,,,,,,,,,,,,,,,,,,,  
,,,,,,,,,,,,,,,,,,,,,,, and ,,,, and,,,,,, ,,,,, ,,,,,,,, ,,,,,, ,, ,,,,,,, , and,,,,,,,,,, and,,,, , and,, ,,,,, ,,, ,, ,, ,,,,,,,
,,,,,,,,, ,,,,,, and ,,,,,,,, ,,,,, ,,,,, ,, ,,, , , , ,,,,  ,,,,, ,,, and,,,,,,,,,, ,,,,,,,,,,,,,,,,, ,,,,,,, ,,,,,,, ,,,, ,,,,,,,,,,,,,,, and,,,,,,,,,,,,,,,, ,, ,, ,,,,,, ,, , , , ,,,,,,,,, ,, ,,,,,,,,,,,,,,,,,,, ,,,,,,,,, ,,,,,,,,,, ,,, ,,,,,,,,,,,,,,,,,, ,,,,,,, ,,,, ,, ,,,,,,, ,, ,, ,,,,,,,,,, ,,,,,,,,,,,,,,,,,,,,,,,,,,,,,,,,,,,,,,,,,,,,,,,,,,,,,,,,,,,,,,,,,,,,,, ,,,, ,,,,, ,,,,,,,,, ,,,,,,,,,,,,,,, ,,,,,,,,,,,, , ,,,,,,,,,,,,, ,,,,,,,,,,  and,,,,,, ,,, ,, ,,,,,,,,, ,,,, ,,,,,,,,,,,,,,,,,,,,,,,,,,,,,,,,,,,,,,,,,,,,,,,,,,,,,,,,,,,,,, ,,,,,,,,,,,,,,,,,,,,,,,,,,,,,,,,,,,,,,,,, ,,,,,,,, , ,,, ,,,,,,, ,,,, ,,,,, ,,,, ,,,,,, ,,,,,,,,, ,,, ,, ,,,,,,,,,, ,,,,,,,,,,,,,,,,,,,,,,,,,,,,,,,,,,,,,,, ,,,,,,,,,,,,, ,,,,, and,,,,, ,,,,,, ,,,,,,,,,,,,, ,,,,,,,,,,,,,, ,,,,,,,,,,,,,,,,,,, ,,,,,,,,,,,,,,,,,,,,,,,,,,,,,,,,,,,,,,, ,,,,,,,,,,,,,,,,,,,,,,,,,,, ,,,,,,, ,,,,,,, ,, ,,,,,,,,,,,,,,, ,,,,,,,,,,,,,,,,,,,,,, ,,,,,,,,,, ,,,,,,,,,, ,,, , ,,, , ,, ,, ,,,,,,,,, ,,,,,,,,,,,,,,,,,,,,,,,, ,,, ,,,,,,,,,,,,,,,,,,,,,,,,,,,, ,, ,,,,,,, ,,,,,,,,,,,,,,,,,,,,,,,,,,,,,,,,,,,,,,,,,,,,,,,,,,,,,,,,,,,,,,, ,,,,, ,,,,,,,,,,,,, ,,,,,,,,,,,,,,,,,,,,,,,,, ,,,,,,, ,,,,,,,,,,,,, ,,,,,,,, ,, , ,,, ,,,,,,,,,,,,, ,, ,,  ,,,,,  ,,,, ,,,,, ,,,,,,,,,,,,,,  ,,, , ,,,,,,,,,,,,, ,,,, ,,,,,, ,,,,,,,,,, ,,,,,,,, ,,,,,,,, ,,,,,,,,,, ,,,, ,  ,  , ,,,   , ,  ,,, , , , ,, ,,,, ,,, , ,,, , ,,,, ,, , ,,, ,, , ,  ,,,, ,,,, ,,,,,  ,,,,,,,,,,,,,,, ,,,,, ,,,, ,,,,,,,,,,,,,,,,,,,,,,,, ,,,, ,,, ,, ,,,,,,,,,,,,,,,, ,,,,  ,,,,,,,,,,,,,,,,,,,,,,,,,,,,,,,,,,,,,,,,, ,,,,,,,, ,,,,,, ,,, , ,,,,,,,,,, ,,,,,,,,,,,,,,,, ,,,,, ,,, ,,,,,,,, ,, ,,,,,,,,,, ,,,, , ,,,  ,,,,  ,,,   ,, , ,,,, ,,,, ,,, , ,,,,   ,, ,,, ,,,,,,, , ,,,, ,,,, 0,,,, ,,,,,, ,,,,,,,,,,,,,,,  ,,,,, ,,,,,,,,, ,,,,,,,,,  ,, ,,,,,,,,,,,,,,,,,,,,,, , ,,, ,,,,,,,,,   ,, , ,,,  , ,, ,,,, ,, ,,,,,, ,, ,  ,,  ,,,,, ,,,, , ,,  ,,,,,,,,, , , , ,,,, ,,,,,,,,,,,,,,,,,,,,,,, ,,, ,,,,,,,,,,,,,,,,,,,,,,,,,,,,,,,,,,,,,,,,,,,,,,,,,,, ,,,,,,,,,,,,,,,,,,,,,,,,,,,,,,,,,,,,,,,,,,,,,,,,,,,,,,,,,,,,,,,,, ,,,,,,,,,,,,,,,,,, ,,  ,,,, ,,,, , , , ,,,,,,,,,,,,,,,,,,,,,,,,,,,,,,,,,,,,,,,,,,,,,,,,,,,,,,,,,,,,,,,,,,,, ,,,,,,,,,,,,,,,,,,,,,,,,,,,,,,,,,,,,,,,,,,,,,,,,,,, ,,,,,,,, ,,,,,,,,,,,,,,, ,,,,,,,,,,,,,,,,,,,,,,,,,,,,,,,,,,,,,, ,,,,,,,,,,,,,,,,,,,,,,,,,,,,,,,,,,,,,,,,,,,,,,,,,,,,,,,,,,,,,,,,,,,,,,,,,,,,,,,,,,,,,,,,,,,,,,,,,,,,,,,,,,,,,,,, ,,,,,,,,,,,,,,,,,,,,,,,,,,,,,,,,,,,,,, ,,,,,,,,,,,,,,,,,, ,,,,,,,,,,,,,,,,,,,,,,,,,,,,,,,,,,,,,,,,,,,, ,,,,,,,,,,,,,,,,,,,,,,,,,,,,,,,,,,,,,,, ,,,,,,, ,,,,,,,,,,,,,,,,,,,,,,,,,,,,,,,,,,,,,,,,,,,,,,,,,,,,,,,, ,,,,,,,,,,,,,,,, ,,,,,,,,,,,,,,, ,,,,,,,,,,,,,,,,,,,,,,,,,,,,,,,,,,,,,,,,,,,,,,,,,,,,,,,,,,,,,, ,,,,,,,,,,,,,,,,,,,,,,,,,,,,,,,,,,,,,,,,,,,,,,,,,,,,,,,,,,,,,,,,,,,,,,, ,,,,,,,,,,,,,,,,,,,,,,,,,,,,,,,,,,,,,,,,,,,,,,,,,,,,,,,,,,,,,,,,,,,, ,,,,,,,,,, ,,,, ,,,, ,,,,,,,,,,,,,,,,,,,,,,,,,,,,,,,,,,,,,,,,,,,,,,,,,,,,,,,, ,,,,,,,,,,,,,,,,,,,,,,,,,,,,,,,,,,,,,,,,,,,,,,,,,,,,,,,,,,,,,,,,,,,,,,,,,,,,, ,,,,,,,,,,,,,,,, ,,,,,,,,,